0
0.98 0.9993
0.95 1.0000
0.9 0.9993
0.8 0.9990
0.5 0.9983
1
0.98 0.9978
0.95 0.9997
0.9 0.9957
0.8 0.9903
0.5 0.9848
2
0.98 0.9993
0.95 0.9551
0.9 0.9958
0.8 0.9840
0.5 0.5889
3
0.98 0.9904
0.95 0.9978
0.9 0.9896
0.8 0.9955
0.5 0.9907
4
0.98 0.9362
0.95 0.9175
0.9 0.9661
0.8 0.9084
0.5 0.9627
5
0.98 0.9368
0.95 0.9207
0.9 0.9286
0.8 0.9819
0.5 0.6573
6
0.98 0.6811
0.95 0.4398
0.9 0.1817
0.8 0.1793
0.5 0.1793
7
0.98 0.6403
0.95 0.5761
0.9 0.2312
0.8 0.2277
0.5 0.2277
8
0.98 0.4806
0.95 0.4411
0.9 0.1732
0.8 0.1704
0.5 0.1704